0.64
0.52
0.64
0.84
-1.04
0.64
0.8
0.24
0.68
0.52
0.64
0.84
0.36
-1.04
0.68
0.68
0.4
0.52
0.84
0.48
0.56
0.68
-1.04
0.56
-1.04
0.8
0.68
-1.04
0.64
0.68
0.68
0.64
0.64
0.64
0.64
-1.04
0.68
0.76
0.64
0.84
0.56
0.68
0.64
0.56
0.6
0.68
0.64
0.48
0.6
0.56
0.6
0.64
0.52
-1.08
-1.04
0.52
0.68
0.48
-1.04
0.56
0.6
-1.04
0.64
0.68
0.56
0.64
0.6
0.68
0.64
0.68
0.4
-1.04
0.6
0.68
-1.04
0.32
0.52
0.6
0.68
0.68
0.64
0.64
0.68
0.6
0.52
0.48
0.56
0.64
0.8
0.24
0.68
-1.04
-1.04
0.48
0.48
0.6
0.64
0.44
0.52
0.68
